Molecule-1
  DSViewer          3D                             0

 62132  0  0  0  0  0  0  0  0999 V2000
    0.0000    0.0000    0.0000 Au  0  0  0  0  0  0  0  0  0  0
    0.0000    2.0393    2.0393 Au  0  0  0  0  0  0  0  0  0  0
    0.0000    2.0393   -2.0393 Au  0  0  0  0  0  0  0  0  0  0
    0.0000   -2.0393    2.0393 Au  0  0  0  0  0  0  0  0  0  0
    0.0000   -2.0393   -2.0393 Au  0  0  0  0  0  0  0  0  0  0
    4.0786    2.0393    2.0393 Au  0  0  0  0  0  0  0  0  0  0
    4.0786   -2.0393    2.0393 Au  0  0  0  0  0  0  0  0  0  0
    4.0786    2.0393   -2.0393 Au  0  0  0  0  0  0  0  0  0  0
    0.0000   -2.0393    6.1179 Au  0  0  0  0  0  0  0  0  0  0
    0.0000    2.0393    6.1179 Au  0  0  0  0  0  0  0  0  0  0
    0.0000    6.1179   -2.0393 Au  0  0  0  0  0  0  0  0  0  0
    0.0000    6.1179    2.0393 Au  0  0  0  0  0  0  0  0  0  0
    0.0000    6.1179    6.1179 Au  0  0  0  0  0  0  0  0  0  0
    4.0786   -2.0393   -2.0393 Au  0  0  0  0  0  0  0  0  0  0
    4.0786   -2.0393    6.1179 Au  0  0  0  0  0  0  0  0  0  0
    4.0786    2.0393    6.1179 Au  0  0  0  0  0  0  0  0  0  0
    4.0786    6.1179   -2.0393 Au  0  0  0  0  0  0  0  0  0  0
    4.0786    6.1179    2.0393 Au  0  0  0  0  0  0  0  0  0  0
    4.0786    6.1179    6.1179 Au  0  0  0  0  0  0  0  0  0  0
    2.0393    0.0000    2.0393 Au  0  0  0  0  0  0  0  0  0  0
    2.0393    0.0000   -2.0393 Au  0  0  0  0  0  0  0  0  0  0
   -2.0393    0.0000    2.0393 Au  0  0  0  0  0  0  0  0  0  0
   -2.0393    0.0000   -2.0393 Au  0  0  0  0  0  0  0  0  0  0
    2.0393    4.0786    2.0393 Au  0  0  0  0  0  0  0  0  0  0
   -2.0393    4.0786    2.0393 Au  0  0  0  0  0  0  0  0  0  0
    2.0393    4.0786   -2.0393 Au  0  0  0  0  0  0  0  0  0  0
   -2.0393    0.0000    6.1179 Au  0  0  0  0  0  0  0  0  0  0
    2.0393    0.0000    6.1179 Au  0  0  0  0  0  0  0  0  0  0
   -2.0393    4.0786   -2.0393 Au  0  0  0  0  0  0  0  0  0  0
   -2.0393    4.0786    6.1179 Au  0  0  0  0  0  0  0  0  0  0
    2.0393    4.0786    6.1179 Au  0  0  0  0  0  0  0  0  0  0
    6.1179    0.0000   -2.0393 Au  0  0  0  0  0  0  0  0  0  0
    6.1179    0.0000    2.0393 Au  0  0  0  0  0  0  0  0  0  0
    6.1179    0.0000    6.1179 Au  0  0  0  0  0  0  0  0  0  0
    6.1179    4.0786   -2.0393 Au  0  0  0  0  0  0  0  0  0  0
    6.1179    4.0786    2.0393 Au  0  0  0  0  0  0  0  0  0  0
    6.1179    4.0786    6.1179 Au  0  0  0  0  0  0  0  0  0  0
    2.0393    2.0393    0.0000 Au  0  0  0  0  0  0  0  0  0  0
    2.0393   -2.0393    0.0000 Au  0  0  0  0  0  0  0  0  0  0
   -2.0393    2.0393    0.0000 Au  0  0  0  0  0  0  0  0  0  0
   -2.0393   -2.0393    0.0000 Au  0  0  0  0  0  0  0  0  0  0
    2.0393    2.0393    4.0786 Au  0  0  0  0  0  0  0  0  0  0
   -2.0393    2.0393    4.0786 Au  0  0  0  0  0  0  0  0  0  0
    2.0393   -2.0393    4.0786 Au  0  0  0  0  0  0  0  0  0  0
   -2.0393   -2.0393    4.0786 Au  0  0  0  0  0  0  0  0  0  0
   -2.0393    6.1179    0.0000 Au  0  0  0  0  0  0  0  0  0  0
    2.0393    6.1179    0.0000 Au  0  0  0  0  0  0  0  0  0  0
   -2.0393    6.1179    4.0786 Au  0  0  0  0  0  0  0  0  0  0
    2.0393    6.1179    4.0786 Au  0  0  0  0  0  0  0  0  0  0
    6.1179   -2.0393    0.0000 Au  0  0  0  0  0  0  0  0  0  0
    6.1179    2.0393    0.0000 Au  0  0  0  0  0  0  0  0  0  0
    6.1179   -2.0393    4.0786 Au  0  0  0  0  0  0  0  0  0  0
    6.1179    2.0393    4.0786 Au  0  0  0  0  0  0  0  0  0  0
    6.1179    6.1179    0.0000 Au  0  0  0  0  0  0  0  0  0  0
    6.1179    6.1179    4.0786 Au  0  0  0  0  0  0  0  0  0  0
    0.0000    4.0786    4.0786 Au  0  0  0  0  0  0  0  0  0  0
    0.0000    4.0786    0.0000 Au  0  0  0  0  0  0  0  0  0  0
    0.0000    0.0000    4.0786 Au  0  0  0  0  0  0  0  0  0  0
    4.0786    0.0000    4.0786 Au  0  0  0  0  0  0  0  0  0  0
    4.0786    0.0000    0.0000 Au  0  0  0  0  0  0  0  0  0  0
    4.0786    4.0786    0.0000 Au  0  0  0  0  0  0  0  0  0  0
    4.0786    4.0786    4.0786 Au  0  0  0  0  0  0  0  0  0  0
  1  3  1  0  0  0
  1 21  1  0  0  0
  1  4  1  0  0  0
  1 39  1  0  0  0
  1  5  1  0  0  0
  1 22  1  0  0  0
  1 40  1  0  0  0
  1 23  1  0  0  0
  1 41  1  0  0  0
  1  2  1  0  0  0
  1 20  1  0  0  0
  1 38  1  0  0  0
  2 56  1  0  0  0
  2 57  1  0  0  0
  2 24  1  0  0  0
  2 58  1  0  0  0
  2 42  1  0  0  0
  2 25  1  0  0  0
  2 43  1  0  0  0
  2 22  1  0  0  0
  2 40  1  0  0  0
  2 20  1  0  0  0
  2 38  1  0  0  0
 20 59  1  0  0  0
 20 60  1  0  0  0
 20  6  1  0  0  0
 20  7  1  0  0  0
 20 58  1  0  0  0
 20 42  1  0  0  0
 20 44  1  0  0  0
 20  4  1  0  0  0
 20 39  1  0  0  0
 20 38  1  0  0  0
 38 61  1  0  0  0
 38 60  1  0  0  0
 38  6  1  0  0  0
 38  8  1  0  0  0
 38 57  1  0  0  0
 38 24  1  0  0  0
 38 26  1  0  0  0
 38  3  1  0  0  0
 38 21  1  0  0  0
 58  9  1  0  0  0
 58 44  1  0  0  0
 58  4  1  0  0  0
 58 27  1  0  0  0
 58 43  1  0  0  0
 58 22  1  0  0  0
 58 45  1  0  0  0
 58 10  1  0  0  0
 58 28  1  0  0  0
 58 42  1  0  0  0
 57 11  1  0  0  0
 57 26  1  0  0  0
 57  3  1  0  0  0
 57 25  1  0  0  0
 57 46  1  0  0  0
 57 29  1  0  0  0
 57 40  1  0  0  0
 57 12  1  0  0  0
 57 24  1  0  0  0
 57 47  1  0  0  0
 56 12  1  0  0  0
 56 24  1  0  0  0
 56 10  1  0  0  0
 56 42  1  0  0  0
 56 30  1  0  0  0
 56 48  1  0  0  0
 56 25  1  0  0  0
 56 43  1  0  0  0
 56 13  1  0  0  0
 56 31  1  0  0  0
 56 49  1  0  0  0
 60  8  1  0  0  0
 60 32  1  0  0  0
 60  7  1  0  0  0
 60 50  1  0  0  0
 60 14  1  0  0  0
 60 21  1  0  0  0
 60 39  1  0  0  0
 60  6  1  0  0  0
 60 33  1  0  0  0
 60 51  1  0  0  0
 59  6  1  0  0  0
 59 33  1  0  0  0
 59 15  1  0  0  0
 59 52  1  0  0  0
 59  7  1  0  0  0
 59 28  1  0  0  0
 59 42  1  0  0  0
 59 44  1  0  0  0
 59 16  1  0  0  0
 59 34  1  0  0  0
 59 53  1  0  0  0
 61 17  1  0  0  0
 61 35  1  0  0  0
 61  6  1  0  0  0
 61 51  1  0  0  0
 61  8  1  0  0  0
 61 24  1  0  0  0
 61 47  1  0  0  0
 61 26  1  0  0  0
 61 18  1  0  0  0
 61 36  1  0  0  0
 61 54  1  0  0  0
 62 18  1  0  0  0
 62 36  1  0  0  0
 62 16  1  0  0  0
 62 53  1  0  0  0
 62  6  1  0  0  0
 62 31  1  0  0  0
 62 49  1  0  0  0
 62 24  1  0  0  0
 62 42  1  0  0  0
 62 19  1  0  0  0
 62 37  1  0  0  0
 62 55  1  0  0  0
  6 36  1  0  0  0
  6 53  1  0  0  0
  6 24  1  0  0  0
  6 42  1  0  0  0
  6 33  1  0  0  0
  6 51  1  0  0  0
 24 12  1  0  0  0
 24 18  1  0  0  0
 24 49  1  0  0  0
 24 42  1  0  0  0
 24 47  1  0  0  0
 42 10  1  0  0  0
 42 28  1  0  0  0
 42 16  1  0  0  0
 42 31  1  0  0  0
M  END
