C60.MOL


 60 90  0  0  0                 1 V2000
    3.2742   -1.4297   -0.0620 C   0  0  0  0  0
    3.5714   -0.0192   -0.0850 C   0  0  0  0  0
    3.3119    0.7909    1.0789 C   0  0  0  0  0
    2.7182   -2.0292    1.1233 C   0  0  0  0  0
    2.7702   -1.7990   -1.3612 C   0  0  0  0  0
    3.2507    0.4831   -1.3992 C   0  0  0  0  0
    2.7332    2.1042    0.9300 C   0  0  0  0  0
    2.7559    0.1913    2.2642 C   0  0  0  0  0
    1.6574   -2.9989    1.0111 C   0  0  0  0  0
    2.4586   -1.2192    2.2872 C   0  0  0  0  0
    1.7093   -2.7687   -1.4734 C   0  0  0  0  0
    2.7559   -0.6159   -2.1872 C   0  0  0  0  0
    2.6725    1.7952   -1.5485 C   0  0  0  0  0
    1.8190    2.3154    2.0245 C   0  0  0  0  0
    2.4129    2.6056   -0.3832 C   0  0  0  0  0
    1.8327    1.1333    2.8495 C   0  0  0  0  0
    1.1533   -3.3682   -0.2881 C   0  0  0  0  0
    0.7420   -2.7877    2.1063 C   0  0  0  0  0
    1.2367   -1.6887    2.8943 C   0  0  0  0  0
    0.6344   -2.5573   -2.4125 C   0  0  0  0  0
    1.6822   -0.4043   -3.1256 C   0  0  0  0  0
    1.5988    2.0068   -2.4870 C   0  0  0  0  0
    0.5863    3.0270    1.8062 C   0  0  0  0  0
    1.1802    3.3171   -0.6015 C   0  0  0  0  0
    0.6120    0.6637    3.4559 C   0  0  0  0  0
   -0.2660   -3.5283   -0.4930 C   0  0  0  0  0
   -0.6762   -2.9475    1.9021 C   0  0  0  0  0
    0.3141   -0.7480    3.4792 C   0  0  0  0  0
   -0.5863   -3.0270   -1.8062 C   0  0  0  0  0
    0.6207   -1.3752   -3.2375 C   0  0  0  0  0
    1.1040    0.9078   -3.2750 C   0  0  0  0  0
    0.6762    2.9475   -1.9021 C   0  0  0  0  0
    0.2660    3.5283    0.4930 C   0  0  0  0  0
   -0.6344    2.5573    2.4125 C   0  0  0  0  0
   -0.6207    1.3752    3.2375 C   0  0  0  0  0
   -1.1802   -3.3171    0.6015 C   0  0  0  0  0
   -1.5988   -2.0068    2.4870 C   0  0  0  0  0
   -1.1040   -0.9078    3.2750 C   0  0  0  0  0
   -1.8190   -2.3154   -2.0245 C   0  0  0  0  0
   -0.6120   -0.6637   -3.4559 C   0  0  0  0  0
   -0.3141    0.7480   -3.4792 C   0  0  0  0  0
   -0.7420    2.7877   -2.1063 C   0  0  0  0  0
   -1.1533    3.3682    0.2881 C   0  0  0  0  0
   -1.7093    2.7687    1.4734 C   0  0  0  0  0
   -1.6822    0.4043    3.1256 C   0  0  0  0  0
   -2.4129   -2.6056    0.3832 C   0  0  0  0  0
   -2.6725   -1.7952    1.5485 C   0  0  0  0  0
   -2.7332   -2.1042   -0.9300 C   0  0  0  0  0
   -1.8327   -1.1333   -2.8495 C   0  0  0  0  0
   -1.2367    1.6887   -2.8943 C   0  0  0  0  0
   -1.6574    2.9989   -1.0111 C   0  0  0  0  0
   -2.7702    1.7990    1.3612 C   0  0  0  0  0
   -2.7559    0.6159    2.1872 C   0  0  0  0  0
   -3.2507   -0.4831    1.3992 C   0  0  0  0  0
   -3.3119   -0.7909   -1.0789 C   0  0  0  0  0
   -2.7559   -0.1913   -2.2642 C   0  0  0  0  0
   -2.4586    1.2192   -2.2872 C   0  0  0  0  0
   -2.7182    2.0292   -1.1233 C   0  0  0  0  0
   -3.2742    1.4297    0.0620 C   0  0  0  0  0
   -3.5714    0.0192    0.0850 C   0  0  0  0  0
  1  2  1  0  0  0
  1  4  1  1  0  0
  1  5  1  6  0  0
  2  3  1  1  0  0
  2  6  1  6  0  0
  3  7  1  0  0  0
  3  8  1  1  0  0
  4  9  1  0  0  0
  4 10  1  1  0  0
  5 11  1  0  0  0
  5 12  1  6  0  0
  6 12  1  6  0  0
  6 13  1  0  0  0
  7 14  1  1  0  0
  7 15  1  6  0  0
  8 10  1  0  0  0
  8 16  1  0  0  0
  9 17  1  6  0  0
  9 18  1  1  0  0
 10 19  1  0  0  0
 11 17  1  1  0  0
 11 20  1  6  0  0
 12 21  1  6  0  0
 13 15  1  1  0  0
 13 22  1  6  0  0
 14 16  1  1  0  0
 14 23  1  0  0  0
 15 24  1  0  0  0
 16 25  1  0  0  0
 17 26  1  0  0  0
 18 19  1  1  0  0
 18 27  1  0  0  0
 19 28  1  0  0  0
 20 29  1  0  0  0
 20 30  1  6  0  0
 21 30  1  0  0  0
 21 31  1  0  0  0
 22 31  1  6  0  0
 22 32  1  0  0  0
 23 33  1  6  0  0
 23 34  1  0  0  0
 24 32  1  6  0  0
 24 33  1  1  0  0
 25 28  1  0  0  0
 25 35  1  0  0  0
 26 29  1  6  0  0
 26 36  1  1  0  0
 27 36  1  6  0  0
 27 37  1  0  0  0
 28 38  1  0  0  0
 29 39  1  0  0  0
 30 40  1  0  0  0
 31 41  1  0  0  0
 32 42  1  0  0  0
 33 43  1  0  0  0
 34 35  1  1  0  0
 34 44  1  6  0  0
 35 45  1  0  0  0
 36 46  1  0  0  0
 37 38  1  1  0  0
 37 47  1  6  0  0
 38 45  1  0  0  0
 39 48  1  1  0  0
 39 49  1  6  0  0
 40 41  1  0  0  0
 40 49  1  0  0  0
 41 50  1  0  0  0
 42 50  1  6  0  0
 42 51  1  1  0  0
 43 44  1  1  0  0
 43 51  1  6  0  0
 44 52  1  0  0  0
 45 53  1  6  0  0
 46 47  1  1  0  0
 46 48  1  6  0  0
 47 54  1  0  0  0
 48 55  1  0  0  0
 49 56  1  0  0  0
 50 57  1  0  0  0
 51 58  1  0  0  0
 52 53  1  1  0  0
 52 59  1  6  0  0
 53 54  1  6  0  0
 54 60  1  6  0  0
 55 56  1  6  0  0
 55 60  1  1  0  0
 56 57  1  0  0  0
 57 58  1  1  0  0
 58 59  1  1  0  0
 59 60  1  0  0  0
M  END
 -3.054 0 0.0 0 0 0 0 0 0 0 C52 0 -1 0 1 0 0 0 0 [C]52 C 16 0 0   -1.441    1.166   -3.054 0 0.0 0 0 0 0 0 0 0 C53 0 -1 0 1 0 0 0 0 [C]53 C 16 0 0   -2.608    0.720   -2.332 0 0.0 0 0 0 0 0 0 0 C54 0 -1 0 1 0 0 0 0 [C]54 C 16 0 0   -2.608   -0.720   -2.332 0 0.0 0 0 0 0 0 0 0 C55 0 -1 0 1 0 0 0 0 [C]55 C 16 0 0   -0.720   -2.332   -2.608 0 0.0 0 0 0 0 0 0 0 C56 0 -1 0 1 0 0 0 0 [C]56 C 16 0 0    0.720   -2.332   -2.608 0 0.0 0 0 0 0 0 0 0 C57 0 -1 0 1 0 0 0 0 [C]57 C 16 0 0    1.441   -1.166   -3.054 0 0.0 0 0 0 0 0 0 0 C58 0 -1 0 1 0 0 0 0 [C]58 C 16 0 0    0.720    0.000   -3.500 0 0.0 0 0 0 0 0 0 0 C59 0 -1 0 1 0 0 0 0 [C]59 C 16 0 0   -0.720    0.000   -3.500 0 0.0 0 0 0 0 0 0 0 C60 0 -1 0 1 0 0 0 0 [C]60 C 16 0 0   -1.441   -1.166   -3.054 0 0.0 0 0 0 0 0 0 0 C61 0 -1 0 1 0 0 0 0 [C]* Bond List* Bond# bond_type atom1 atom2 cis/trans length locked ring Sh_type Sh_nr Qorder Qtopol Qs1 7 1 2 0    0.000 0 0 0 0 [A] 0 02 7 1 4 0    0.000 0 0 0 0 [A] 0 03 7 1 5 0    0.000 0 0 0 0 [A] 0 04 7 2 3 0    0.000 0 0 0 0 [A] 0 05 7 2 6 0    0.000 0 0 0 0 [A] 0 06 7 3 7 0    0.000 0 0 0 0 [A] 0 07 7 3 8 0    0.000 0 0 0 0 [A] 0 08 7 4 9 0    0.000 0 0 0 0 [A] 0 09 7 4 10 0    0.000 0 0 0 0 [A] 0 010 7 5 11 0    0.000 0 0 0 0 [A] 0 011 7 5 12 0    0.000 0 0 0 0 [A] 0 012 7 6 12 0    0.000 0 0 0 0 [A] 0 013 7 6 13 0    0.000 0 0 0 0 [A] 0 014 7 7 14 0    0.000 0 0 0 0 [A] 0 015 7 7 15 0    0.000 0 0 0 0 [A] 0 016 7 8 10 0    0.000 0 0 0 0 [A] 0 017 7 8 16 0    0.000 0 0 0 0 [A] 0 018 7 9 17 0    0.000 0 0 0 0 [A] 0 019 7 9 18 0    0.000 0 0 0 0 [A] 0 020 7 10 19 0    0.000 0 0 0 0 [A] 0 021 7 11 17 0    0.000 0 0 0 0 [A] 0 022 7 11 20 0    0.000 0 0 0 0 [A] 0 023 7 12 21 0    0.000 0 0 0 0 [A] 0 024 7 13 15 0    0.000 0 0 0 0 [A] 0 025 7 13 22 0    0.000 0 0 0 0 [A] 0 026 7 14 16 0    0.000 0 0 0 0 [A] 0 027 7 14 23 0    0.000 0 0 0 0 [A] 0 028 7 15 24 0    0.000 0 0 0 0 [A] 0 029 7 16 25 0    0.000 0 0 0 0 [A] 0 030 7 17 26 0    0.000 0 0 0 0 [A] 0 031 7 18 19 0    0.000 0 0 0 0 [A] 0 032 7 18 27 0    0.000 0 0 0 0 [A] 0 033 7 19 28 0    0.000 0 0 0 0 [A] 0 034 7 20 29 0    0.000 0 0 0 0 [A] 0 035 7 20 30 0    0.000 0 0 0 0 [A] 0 036 7 21 30 0    0.000 0 0 0 0 [A] 0 037 7 21 31 0    0.000 0 0 0 0 [A] 0 038 7 22 31 0    0.000 0 0 0 0 [A] 0 039 7 22 32 0    0.000 0 0 0 0 [A] 0 040 7 23 33 0    0.000 0 0 0 0 [A] 0 041 7 23 34 0    0.000 0 0 0 0 [A] 0 042 7 24 32 0    0.000 0 0 0 0 [A] 0 043 7 24 33 0    0.000 0 0 0 0 [A] 0 044 7 25 28 0    0.000 0 0 0 0 [A] 0 045 7 25 35 0    0.000 0 0 0 0 [A] 0 046 7 26 29 0    0.000 0 0 0 0 [A] 0 047 7 26 36 0    0.000 0 0 0 0 [A] 0 048 7 27 36 0    0.000 0 0 0 0 [A] 0 049 7 27 37 0    0.000 0 0 0 0 [A] 0 050 7 28 38 0    0.000 0 0 0 0 [A] 0 051 7 29 39 0    0.000 0 0 0 0 [A] 0 052 7 30 40 0    0.000 0 0 0 0 [A] 0 053 7 31 41 0    0.000 0 0 0 0 [A] 0 054 7 32 42 0    0.000 0 0 0 0 [A] 0 055 7 33 43 0    0.000 0 0 0 0 [A] 0 056 7 34 35 0    0.000 0 0 0 0 [A] 0 057 7 34 44 0    0.000 0 0 0 0 [A] 0 058 7 35 45 0    0.000 0 0 0 0 [A] 0 059 7 36 46 0    0.000 0 0 0 0 [A] 0 060 7 37 38 0    0.000 0 0 0 0 [A] 0 061 7 37 47 0    0.000 0 0 0 0 [A] 0 062 7 38 45 0    0.000 0 0 0 0 [A] 0 063 7 39 48 0    0.000 0 0 0 0 [A] 0 064 7 39 49 0    0.000 0 0 0 0 [A] 0 065 7 40 41 0    0.000 0 0 0 0 [A] 0 066 7 40 49 0    0.000 0 0 0 0 [A] 0 067 7 41 50 0    0.000 0 0 0 0 [A] 0 068 7 42 50 0    0.000 0 0 0 0 [A] 0 069 7 42 51 0    0.000 0 0 0 0 [A] 0 070 7 43 44 0    0.000 0 0 0 0 [A] 0 071 7 43 51 0    0.000 0 0 0 0 [A] 0 072 7 44 52 0    0.000 0 0 0 0 [A] 0 073 7 45 53 0    0.000 0 0 0 0 [A] 0 074 7 46 47 0    0.000 0 0 0 0 [A] 0 075 7 46 48 0    0.000 0 0 0 0 [A] 0 076 7 47 54 0    0.000 0 0 0 0 [A] 0 077 7 48 55 0    0.000 0 0 0 0 [A] 0 078 7 49 56 0    0.000 0 0 0 0 [A] 0 079 7 50 57 0    0.000 0 0 0 0 [A] 0 080 7 51 58 0    0.000 0 0 0 0 [A] 0 081 7 52 53 0    0.000 0 0 0 0 [A] 0 082 7 52 59 0    0.000 0 0 0 0 [A] 0 083 7 53 54 0    0.000 0 0 0 0 [A] 0 084 7 54 60 0    0.000 0 0 0 0 [A] 0 085 7 55 56 0    0.000 0 0 0 0 [A] 0 086 7 55 60 0    0.000 0 0 0 0 [A] 0 087 7 56 57 0    0.000 0 0 0 0 [A] 0 088 7 57 58 0    0.000 0 0 0 0 [A] 0 089 7 58 59 0    0.000 0 0 0 0 [A] 0 090 7 59 60 0    0.000 0 0 0 0 [A] 0 0* Bond Angles* bond1 bond2 angle locked* Dihedral Angles* at1-cons at1 at2 at2-cons angle locked* Planarity data* User data area* End of File