H2O4S
APtclcactv09011408273D 0   0.00000     0.00000
 
  7  6  0  0  0  0  0  0  0  0999 V2000
    0.0000   -1.2497    0.7590 O   0  0  0  0  0  0  0  0  0  0  0  0
   -0.0000    1.2497    0.7590 O   0  0  0  0  0  0  0  0  0  0  0  0
    1.2252    0.0000   -0.8203 O   0  0  0  0  0  0  0  0  0  0  0  0
   -1.2252   -0.0000   -0.8203 O   0  0  0  0  0  0  0  0  0  0  0  0
    2.0659    0.0000   -0.3425 H   0  0  0  0  0  0  0  0  0  0  0  0
   -2.0659   -0.0000   -0.3425 H   0  0  0  0  0  0  0  0  0  0  0  0
   -0.0000   -0.0000    0.0827 S   0  0  0  0  0  0  0  0  0  0  0  0
  3  7  1  0  0  0  0
  4  7  1  0  0  0  0
  1  7  2  0  0  0  0
  2  7  2  0  0  0  0
  3  5  1  0  0  0  0
  4  6  1  0  0  0  0
M  END
$$$$
