K2O4S
APtclcactv09011408333D 0   0.00000     0.00000
 
  7  4  0  0  0  0  0  0  0  0999 V2000
    6.4504    1.2657   -0.6881 O   0  0  0  0  0  0  0  0  0  0  0  0
    7.8540    0.0915    0.8692 O   0  0  0  0  0  0  0  0  0  0  0  0
    5.4928   -0.3506    0.8102 O   0  5  0  0  0  0  0  0  0  0  0  0
    6.8964   -1.0747   -1.0009 O   0  5  0  0  0  0  0  0  0  0  0  0
  -12.5271   -0.0510   -0.0065 K   0  3  0  0  0  0  0  0  0  0  0  0
    6.6734   -0.0170   -0.0024 S   0  0  0  0  0  0  0  0  0  0  0  0
   -3.8680    0.0928    0.0125 K   0  3  0  0  0  0  0  0  0  0  0  0
  3  6  1  0  0  0  0
  4  6  1  0  0  0  0
  1  6  2  0  0  0  0
  2  6  2  0  0  0  0
M  CHG  4   3  -1   4  -1   5   1   7   1
M  END
$$$$
