


  8  8  0  0000  0  0  0  0  0999 V2000
    3.2111   -2.2703    0.0000 S   0  0  0  0  0  0  0  0  0  0  0
    2.2703   -3.2111    0.0000 S   0  0  0  0  0  0  0  0  0  0  0
    0.9409   -3.2111    0.0000 S   0  0  0  0  0  0  0  0  0  0  0
    0.0000   -2.2703    0.0000 S   0  0  0  0  0  0  0  0  0  0  0
    0.0000   -0.9409    0.0000 S   0  0  0  0  0  0  0  0  0  0  0
    0.9409    0.0000    0.0000 S   0  0  0  0  0  0  0  0  0  0  0
    2.2703    0.0000    0.0000 S   0  0  0  0  0  0  0  0  0  0  0
    3.2111   -0.9409    0.0000 S   0  0  0  0  0  0  0  0  0  0  0
  1  2  1  0
  1  8  1  0
  2  3  1  0
  3  4  1  0
  4  5  1  0
  5  6  1  0
  6  7  1  0
  7  8  1  0
M  END

> <StdInChI>
InChI=1S/S8/c1-2-4-6-8-7-5-3-1

> <StdInChIKey>
JLQNHALFVCURHW-UHFFFAOYSA-N

> <AuxInfo>
1/0/N:1,2,8,3,7,4,6,5/E:(1,2,3,4,5,6,7,8)/rA:8nSSSSSSSS/rB:s1;s2;s3;s4;s5;s6;s1s7;/rC:3.2111,-2.2703,0;2.2703,-3.2111,0;.9409,-3.2111,0;0,-2.2703,0;0,-.9409,0;.9409,0,0;2.2703,0,0;3.2111,-.9409,0;

> <Formula>
S8

> <Mw>
256.52

> <SMILES>
S1SSSSSSS1

> <CSID>
59726

$$$$
