O5V2
APtclcactv09011408253D 0   0.00000     0.00000
 
  7  6  0  0  0  0  0  0  0  0999 V2000
   -1.4603    1.5178    0.0000 O   0  0  0  0  0  0  0  0  0  0  0  0
   -2.9541   -0.7825   -0.0000 O   0  0  0  0  0  0  0  0  0  0  0  0
    1.4603    1.5178    0.0000 O   0  0  0  0  0  0  0  0  0  0  0  0
    2.9541   -0.7825   -0.0000 O   0  0  0  0  0  0  0  0  0  0  0  0
    0.0000   -1.0657   -0.0000 O   0  0  0  0  0  0  0  0  0  0  0  0
   -1.5432   -0.0636   -0.0000 V   0  0  0  0  0  0  0  0  0  0  0  0
    1.5432   -0.0636   -0.0000 V   0  0  0  0  0  0  0  0  0  0  0  0
  1  6  2  0  0  0  0
  5  6  1  0  0  0  0
  2  6  2  0  0  0  0
  5  7  1  0  0  0  0
  3  7  2  0  0  0  0
  4  7  2  0  0  0  0
M  END
$$$$
